function cutLocs = cutLocations
     cutLocs = [150 650 100 700 25 140;
		110 700 150 670 10 140;
		100 640 110 700 35 160;
		130 730 130 700 15 155;
		140 680 100 710 10 150;
		120 680 90 740 1 140;
		160 710 120 710 15 150;
		140 630 80 760 20 150;
		140 620 110 700 1 140;
		1 800 1 800 10 125;
		1 800 160 640 15 135;
		130 690 180 620 1 130;
		100 660 170 630 10 115;
		90 640 100 680 1 125;
		80 700 60 800 15 150;
		120 710 110 730 5 155;
		130 660 120 800 5 130;
		140 740 140 740 20 160;
		180 700 180 700 1 150;
		170 710 50 710 1 150];
